
thread    |  megaHeights/Sec  |   volume
1      4.04  6.189255

1      3.81  6.385910

1      3.53  6.447015

1      3.61  6.469726

1      3.61  6.477818

1      3.60  6.478924

1      3.58  6.487123

1      3.53  6.539817

thread    |  megaHeights/Sec  |   volume
2      7.38  6.189252

2      7.41  6.385908

2      7.35  6.446999

2      7.24  6.469771

2      7.20  6.477767

2      7.20  6.479427

2      7.18  6.482347

2      7.18  6.502618

thread    |  megaHeights/Sec  |   volume
4     13.15  6.189254

4     14.09  6.385908

4      8.47  6.447007

4      8.30  6.469769

4      8.24  6.477709

4     14.06  6.480397

4     14.02  6.481480

4     10.51  6.490123

thread    |  megaHeights/Sec  |   volume
8     21.69  6.189255

8     26.59  6.385909

8     28.03  6.447005

8     28.10  6.469767

8     28.14  6.477682

8     27.95  6.480429

8     27.63  6.480928

8     28.20  6.484022

thread    |  megaHeights/Sec  |   volume
16     23.79  6.189255

16     35.24  6.385910

16     40.43  6.447005

16     41.86  6.469771

16     35.95  6.477682

16     32.20  6.480368

16     41.72  6.481194

16     24.68  6.482740

